quad1: [0.626273, -0.504126, 0.700475]
quad2: [0.530415, -0.530841, 0.824735]
quad3: [0.613447, -0.425421, 0.890704]
quad4: [0.705894, -0.391215, 0.772401]