quad1: [-2.392295, -6.211795, -1.699382]
quad2: [-2.401659, -6.336071, -1.610918]
quad3: [-2.241726, -6.321813, -1.562058]
quad4: [-2.228651, -6.200430, -1.651789]